1870.04 -1
1870.12 -1.2
1870.21 -0.83
1870.29 -0.81
1870.38 -1.27
1870.46 -1.08
1870.54 -1.04
1870.62 -0.88
1870.71 -0.53
1870.79 -0.92
1870.88 -0.79
1870.96 -0.79
1871.04 -0.25
1871.12 -0.58
1871.21 -0.43
1871.29 -0.5
1871.38 -0.7
1871.46 -0.53
1871.54 -0.6
1871.62 -0.33
1871.71 -0.24
1871.79 -0.33
1871.88 -0.31
1871.96 -0.58
1872.04 -0.72
1872.12 -0.62
1872.21 -0.5
1872.29 -0.77
1872.38 -0.62
1872.46 -0.52
1872.54 -0.32
1872.62 -0.85
1872.71 -1.02
1872.79 -0.94
1872.88 -0.79
1872.96 -0.88
1873.04 -0.78
1873.12 -1.01
1873.21 -1.31
1873.29 -0.67
1873.38 -0.53
1873.46 -0.48
1873.54 -0.58
1873.62 -0.39
1873.71 -0.34
1873.79 -0.78
1873.88 -0.77
1873.96 -0.7
1874.04 -0.93
1874.12 -1.06
1874.21 -1.4
1874.29 -0.94
1874.38 -0.86
1874.46 -0.72
1874.54 -1
1874.62 -1.05
1874.71 -1.13
1874.79 -1.25
1874.88 -1.33
1874.96 -1.14
1875.04 -0.71
1875.12 -0.37
1875.21 -0.59
1875.29 -0.87
1875.38 -1.09
1875.46 -0.76
1875.54 -0.85
1875.62 -0.81
1875.71 -0.91
1875.79 -0.83
1875.88 -0.64
1875.96 -0.75
1876.04 -0.95
1876.12 -1.2
1876.21 -1.13
1876.29 -1.18
1876.38 -1.08
1876.46 -0.43
1876.54 -0.34
1876.62 -0.16
1876.71 -0.02
1876.79 0.11
1876.88 0.15
1876.96 0.23
1877.04 0.35
1877.12 0.46
1877.21 0.52
1877.29 0.5
1877.38 0.76
1877.46 0.98
1877.54 1.42
1877.62 1.54
1877.71 1.75
1877.79 1.95
1877.88 2.08
1877.96 2.49
1878.04 2.41
1878.12 2.43
1878.21 1.31
1878.29 0.92
1878.38 0.82
1878.46 0.92
1878.54 0.25
1878.62 -0.11
1878.71 -0.32
1878.79 -0.53
1878.88 -0.7
1878.96 -0.75
1879.04 -0.55
1879.12 -0.18
1879.21 -0.24
1879.29 -0.37
1879.38 -0.83
1879.46 -0.67
1879.54 -0.77
1879.62 -0.69
1879.71 -0.83
1879.79 -0.93
1879.88 -1.14
1879.96 -1.02
1880.04 -1
1880.12 -0.73
1880.21 -0.62
1880.29 -0.57
1880.38 -0.71
1880.46 -0.61
1880.54 -0.53
1880.62 -0.24
1880.71 -0.03
1880.79 0.17
1880.88 0.24
1880.96 0.18
1881.04 0.29
1881.12 0.23
1881.21 0.32
1881.29 0.41
1881.38 0.16
1881.46 0.23
1881.54 -0.26
1881.62 -0.17
1881.71 -0.33
1881.79 -0.43
1881.88 -0.59
1881.96 -0.37
1882.04 -0.45
1882.12 -0.55
1882.21 -0.53
1882.29 0.1
1882.38 0.01
1882.46 -0.4
1882.54 -0.57
1882.62 -0.33
1882.71 -0.51
1882.79 -0.65
1882.88 -0.92
1882.96 -0.75
1883.04 -0.46
1883.12 -0.49
1883.21 -0.4
1883.29 -0.23
1883.38 -0.38
1883.46 -0.21
1883.54 -0.01
1883.62 -0.03
1883.71 -0.17
1883.79 -0.42
1883.88 -0.22
1883.96 -0.14
1884.04 -0.11
1884.12 -0.01
1884.21 0
1884.29 0.26
1884.38 0.4
1884.46 -0.13
1884.54 0.28
1884.62 0.2
1884.71 0.18
1884.79 0.29
1884.88 0.3
1884.96 0.35
1885.04 0.12
1885.12 0.27
1885.21 0.12
1885.29 -0.02
1885.38 0.44
1885.46 0.17
1885.54 0.08
1885.62 0.34
1885.71 0.52
1885.79 0.72
1885.88 0.81
1885.96 1.02
1886.04 0.17
1886.12 -0.1
1886.21 -0.11
1886.29 -0.37
1886.38 -0.85
1886.46 -0.9
1886.54 -0.97
1886.62 -1.03
1886.71 -1.21
1886.79 -1.14
1886.88 -1.34
1886.96 -1.44
1887.04 -0.68
1887.12 -1.02
1887.21 -1.17
1887.29 -1.18
1887.38 -1.14
1887.46 -0.56
1887.54 -0.55
1887.62 -0.62
1887.71 -0.34
1887.79 -0.12
1887.88 0.04
1887.96 0.15
1888.04 0.15
1888.12 0.66
1888.21 0.4
1888.29 0.3
1888.38 0.47
1888.46 0.4
1888.54 0.56
1888.62 0.93
1888.71 0.58
1888.79 1.42
1888.88 2.21
1888.96 1.67
1889.04 1.98
1889.12 1.47
1889.21 0.83
1889.29 0.46
1889.38 0.32
1889.46 0.09
1889.54 -0.76
1889.62 -0.99
1889.71 -0.92
1889.79 -1.31
1889.88 -1.08
1889.96 -1.25
1890.04 -2.49
1890.12 -2.11
1890.21 -1.15
1890.29 -1.14
1890.38 -1
1890.46 -0.86
1890.54 -0.92
1890.62 -1.38
1890.71 -1.29
1890.79 -1.26
1890.88 -1.07
1890.96 -0.68
1891.04 -0.45
1891.12 -0.25
1891.21 -0.07
1891.29 0.15
1891.38 0.13
1891.46 0.29
1891.54 0.11
1891.62 0.05
1891.71 -0.08
1891.79 -0.03
1891.88 0.06
1891.96 0.01
1892.04 -0.5
1892.12 -0.34
1892.21 -0.58
1892.29 -0.65
1892.38 -0.72
1892.46 -0.57
1892.54 -0.62
1892.62 -0.63
1892.71 -1.07
1892.79 -1.54
1892.88 -1.62
1892.96 -1.18
1893.04 -1.23
1893.12 -1.16
1893.21 -1.24
1893.29 -1.3
1893.38 -1.32
1893.46 -1.19
1893.54 -1.32
1893.62 -1.29
1893.71 -1.28
1893.79 -1.36
1893.88 -1.3
1893.96 -1
1894.04 -1.09
1894.12 -1.13
1894.21 -1.06
1894.29 -0.92
1894.38 -1
1894.46 -0.84
1894.54 -0.88
1894.62 -0.8
1894.71 -1.1
1894.79 -0.82
1894.88 -0.92
1894.96 -0.48
1895.04 -0.73
1895.12 -0.49
1895.21 -0.4
1895.29 -0.17
1895.38 -0.03
1895.46 -0.21
1895.54 -0.26
1895.62 0.36
1895.71 0.42
1895.79 0.32
1895.88 0.44
1895.96 0.48
1896.04 0.16
1896.12 0.09
1896.21 0.15
1896.29 -0.01
1896.38 -0.04
1896.46 -0.21
1896.54 0.43
1896.62 1.05
1896.71 1.04
1896.79 1.1
1896.88 1.51
1896.96 1.55
1897.04 1.49
1897.12 1.14
1897.21 0.54
1897.29 -0.22
1897.38 -0.17
1897.46 -0.02
1897.54 0.07
1897.62 -0.15
1897.71 -0.24
1897.79 -0.57
1897.88 -0.61
1897.96 -0.4
1898.04 -0.51
1898.12 -0.57
1898.21 -0.79
1898.29 -0.61
1898.38 -0.59
1898.46 -0.28
1898.54 -0.63
1898.62 -0.76
1898.71 -0.19
1898.79 -0.33
1898.88 -0.66
1898.96 -0.78
1899.04 -0.75
1899.12 -0.71
1899.21 -0.56
1899.29 -0.34
1899.38 0.04
1899.46 0.09
1899.54 -0.02
1899.62 0.63
1899.71 0.43
1899.79 0.92
1899.88 1.29
1899.96 1.51
1900.04 1.41
1900.12 1.29
1900.21 0.99
1900.29 0.66
1900.38 0.54
1900.46 0.76
1900.54 0.75
1900.62 0.78
1900.71 0.56
1900.79 0.42
1900.88 0.14
1900.96 0.6
1901.04 0.82
1901.12 0.29
1901.21 0.05
1901.29 -0.13
1901.38 -0.19
1901.46 -0.26
1901.54 -0.3
1901.62 -0.38
1901.71 -0.3
1901.79 -0.31
1901.88 -0.39
1901.96 -0.35
1902.04 -0.5
1902.12 -0.26
1902.21 -0.27
1902.29 0.2
1902.38 0.47
1902.46 0.77
1902.54 1.44
1902.62 1.21
1902.71 1.44
1902.79 1.4
1902.88 1.54
1902.96 1.39
1903.04 1.33
1903.12 0.93
1903.21 0.79
1903.29 0.36
1903.38 -0.1
1903.46 0.29
1903.54 -0.49
1903.62 -0.32
1903.71 -0.6
1903.79 -0.42
1903.88 -0.76
1903.96 -1.02
1904.04 -0.73
1904.12 -0.79
1904.21 -0.85
1904.29 -0.72
1904.38 -0.4
1904.46 0.14
1904.54 0.75
1904.62 0.54
1904.71 0.01
1904.79 0.91
1904.88 0.15
1904.96 0.86
1905.04 0.68
1905.12 0.72
1905.21 0.92
1905.29 0.29
1905.38 1.08
1905.46 0.59
1905.54 0.82
1905.62 1.04
1905.71 1.42
1905.79 1.12
1905.88 0.83
1905.96 1.17
1906.04 0.89
1906.12 0.67
1906.21 0.8
1906.29 0.45
1906.38 0.02
1906.46 0.15
1906.54 -0.49
1906.62 -0.37
1906.71 -0.81
1906.79 -0.87
1906.88 -0.33
1906.96 -0.51
1907.04 -0.57
1907.12 -0.41
1907.21 -0.43
1907.29 -0.56
1907.38 -0.47
1907.46 -0.41
1907.54 -0.55
1907.62 -0.65
1907.71 0.13
1907.79 -0.25
1907.88 -0.25
1907.96 -0.09
1908.04 -0.27
1908.12 0.07
1908.21 -0.63
1908.29 -0.55
1908.38 -0.45
1908.46 -0.22
1908.54 -0.63
1908.62 -0.4
1908.71 -0.52
1908.79 -0.5
1908.88 -0.88
1908.96 -1.15
1909.04 -0.29
1909.12 -0.88
1909.21 -0.54
1909.29 -0.68
1909.38 -0.36
1909.46 -1.1
1909.54 -1
1909.62 -0.97
1909.71 -0.85
1909.79 -1.24
1909.88 -1.5
1909.96 -1.08
1910.04 -0.93
1910.12 -0.64
1910.21 -0.79
1910.29 -1.17
1910.38 -1.41
1910.46 -1.04
1910.54 -0.88
1910.62 -0.9
1910.71 -1.29
1910.79 -0.94
1910.88 -0.53
1910.96 -0.64
1911.04 -0.57
1911.12 -0.58
1911.21 -0.82
1911.29 -1.11
1911.38 -1.05
1911.46 -0.64
1911.54 -0.22
1911.62 -0.28
1911.71 0.22
1911.79 0.2
1911.88 0.84
1911.96 0.96
1912.04 1.55
1912.12 0.83
1912.21 0.69
1912.29 0.58
1912.38 0
1912.46 -0.24
1912.54 -0.1
1912.62 -0.4
1912.71 0.09
1912.79 -0.13
1912.88 0.16
1912.96 -0.49
1913.04 -0.2
1913.12 0.18
1913.21 0.16
1913.29 -0.77
1913.38 -0.28
1913.46 -0.16
1913.54 -0.15
1913.62 -0.09
1913.71 0.05
1913.79 0.03
1913.88 0.8
1913.96 0.85
1914.04 0.7
1914.12 0.8
1914.21 0.32
1914.29 0.69
1914.38 0.01
1914.46 0.08
1914.54 0.53
1914.62 0.92
1914.71 0.68
1914.79 0.26
1914.88 0.3
1914.96 0.68
1915.04 0.88
1915.12 0.65
1915.21 0.49
1915.29 0.47
1915.38 0.52
1915.46 1.1
1915.54 0.07
1915.62 0.05
1915.71 0.17
1915.79 0.24
1915.88 -0.15
1915.96 -0.23
1916.04 -0.12
1916.12 -0.61
1916.21 -0.54
1916.29 -0.63
1916.38 -0.23
1916.46 -0.36
1916.54 -1.11
1916.62 -1.48
1916.71 -1.36
1916.79 -1.36
1916.88 -1.72
1916.96 -1.64
1917.04 -1.56
1917.12 -1.2
1917.21 -0.64
1917.29 -0.29
1917.38 -0.3
1917.46 -0.04
1917.54 -0.05
1917.62 0.15
1917.71 -0.03
1917.79 0.04
1917.88 -0.43
1917.96 -0.72
1918.04 -0.84
1918.12 -0.82
1918.21 -0.96
1918.29 -0.56
1918.38 -0.17
1918.46 0.37
1918.54 -0.07
1918.62 0.12
1918.71 0.41
1918.79 0.93
1918.88 1.23
1918.96 1.3
1919.04 1.6
1919.12 1.24
1919.21 0.9
1919.29 0.69
1919.38 0.63
1919.46 0.61
1919.54 0.4
1919.62 0.62
1919.71 0.5
1919.79 0.13
1919.88 -0.37
1919.96 0.34
1920.04 0.64
1920.12 0.6
1920.21 0.53
1920.29 -0.16
1920.38 -0.21
1920.46 0.29
1920.54 0.15
1920.62 0.13
1920.71 0.27
1920.79 0.48
1920.88 -0.08
1920.96 -0.01
1921.04 0.43
1921.12 -0.52
1921.21 -1.42
1921.29 -0.55
1921.38 -0.92
1921.46 -0.21
1921.54 -0.27
1921.62 -0.29
1921.71 -0.17
1921.79 0.04
1921.88 -1.03
1921.96 -0.5
1922.04 -0.54
1922.12 -0.07
1922.21 0.08
1922.29 -0.54
1922.38 0.22
1922.46 -0.44
1922.54 -0.44
1922.62 -0.78
1922.71 -0.38
1922.79 -0.26
1922.88 -0.31
1922.96 -0.53
1923.04 -0.41
1923.12 -0.76
1923.21 -0.85
1923.29 -0.55
1923.38 -0.25
1923.46 -0.15
1923.54 -0.2
1923.62 0.2
1923.71 0.64
1923.79 0.79
1923.88 0.87
1923.96 1.02
1924.04 0.46
1924.12 0.63
1924.21 0.39
1924.29 -0.02
1924.38 -0.85
1924.46 -0.67
1924.54 -0.98
1924.62 -0.78
1924.71 -0.86
1924.79 -0.46
1924.88 -1.09
1924.96 -0.66
1925.04 -1.03
1925.12 -0.47
1925.21 -0.53
1925.29 -0.52
1925.38 -0.4
1925.46 -0.18
1925.54 0.5
1925.62 0.68
1925.71 0.77
1925.79 0.85
1925.88 1
1925.96 1.6
1926.04 1.52
1926.12 1.29
1926.21 1.19
1926.29 1.01
1926.38 0.83
1926.46 0.61
1926.54 0.63
1926.62 0.15
1926.71 -0.07
1926.79 -0.39
1926.88 -0.27
1926.96 -0.23
1927.04 0.1
1927.12 0.23
1927.21 -0.18
1927.29 -0.27
1927.38 -0.59
1927.46 -0.15
1927.54 -0.31
1927.62 -0.09
1927.71 -0.16
1927.79 0.27
1927.88 -0.04
1927.96 0.25
1928.04 0.47
1928.12 0.21
1928.21 -0.24
1928.29 -0.22
1928.38 -0.04
1928.46 -0.26
1928.54 0.02
1928.62 -0.28
1928.71 -0.13
1928.79 -0.12
1928.88 -0.17
1928.96 -0.03
1929.04 -0.15
1929.12 -0.08
1929.21 -0.15
1929.29 -0.15
1929.38 -0.17
1929.46 0.13
1929.54 -0.02
1929.62 0.1
1929.71 0.3
1929.79 0.4
1929.88 0.18
1929.96 0.63
1930.04 0.35
1930.12 0.39
1930.21 0.29
1930.29 0.41
1930.38 -0.04
1930.46 0.27
1930.54 0.64
1930.62 0.68
1930.71 1.28
1930.79 1.14
1930.88 1.79
1930.96 1.41
1931.04 1.49
1931.12 1.33
1931.21 1.18
1931.29 0.96
1931.38 0.63
1931.46 0.48
1931.54 0.4
1931.62 0.15
1931.71 -0.42
1931.79 -0.22
1931.88 -0.27
1931.96 -0.28
1932.04 -0.42
1932.12 -0.19
1932.21 0.25
1932.29 0.25
1932.38 0.28
1932.46 0.19
1932.54 -0.11
1932.62 0.09
1932.71 0.02
1932.79 0.02
1932.88 -0.04
1932.96 -0.41
1933.04 -0.21
1933.12 -0.08
1933.21 -0.2
1933.29 0.01
1933.38 -0.4
1933.46 -0.86
1933.54 -0.66
1933.62 -0.94
1933.71 -0.77
1933.79 -1.1
1933.88 -1.06
1933.96 -1.21
1934.04 -0.93
1934.12 -0.87
1934.21 -0.95
1934.29 -0.42
1934.38 -0.49
1934.46 -0.33
1934.54 -0.43
1934.62 -0.33
1934.71 -0.52
1934.79 -0.26
1934.88 -0.11
1934.96 -0.24
1935.04 -0.32
1935.12 -0.19
1935.21 -0.28
1935.29 -0.32
1935.38 -0.54
1935.46 -0.4
1935.54 -0.65
1935.62 0.06
1935.71 0.08
1935.79 0.28
1935.88 0.28
1935.96 -0.04
1936.04 0.74
1936.12 0.49
1936.21 0
1936.29 0.29
1936.38 -0.07
1936.46 -0.35
1936.54 -0.34
1936.62 -0.32
1936.71 -0.1
1936.79 0.38
1936.88 -0.03
1936.96 0.63
1937.04 -0.3
1937.12 0.3
1937.21 0.25
1937.29 0.21
1937.38 -0.43
1937.46 -0.3
1937.54 0.09
1937.62 -0.2
1937.71 0.17
1937.79 -0.1
1937.88 0.21
1937.96 0.22
1938.04 -0.21
1938.12 0.23
1938.21 -0.06
1938.29 0.09
1938.38 -0.33
1938.46 -0.88
1938.54 -0.98
1938.62 -0.81
1938.71 -0.28
1938.79 -0.75
1938.88 -0.72
1938.96 -0.79
1939.04 -0.67
1939.12 -0.95
1939.21 -0.85
1939.29 -0.27
1939.38 -0.25
1939.46 0.05
1939.54 0.25
1939.62 0.06
1939.71 0.43
1939.79 -0.47
1939.88 0.32
1939.96 0.05
1940.04 1.18
1940.12 1.38
1940.21 1.19
1940.29 0.8
1940.38 0.34
1940.46 0.55
1940.54 0.21
1940.62 0.75
1940.71 0.05
1940.79 0.32
1940.88 0.7
1940.96 1.39
1941.04 1.38
1941.12 1.34
1941.21 1.41
1941.29 1.36
1941.38 1.32
1941.46 0.88
1941.54 0.73
1941.62 0.79
1941.71 0.68
1941.79 0.99
1941.88 1.17
1941.96 1.27
1942.04 0.61
1942.12 0.53
1942.21 0.25
1942.29 0.57
1942.38 -0.1
1942.46 -0.52
1942.54 -0.55
1942.62 -0.96
1942.71 -1.17
1942.79 -1.32
1942.88 -1.5
1942.96 -1.24
1943.04 -1.2
1943.12 -1.18
1943.21 -1.1
1943.29 -0.6
1943.38 -0.36
1943.46 -0.11
1943.54 -0.09
1943.62 0.05
1943.71 -0.24
1943.79 -0.44
1943.88 -0.5
1943.96 -0.42
1944.04 -0.42
1944.12 0.16
1944.21 -0.21
1944.29 0.11
1944.38 0.14
1944.46 0.04
1944.54 0.08
1944.62 0
1944.71 -0.31
1944.79 -0.22
1944.88 -0.35
1944.96 -0.26
1945.04 -0.36
1945.12 -0.47
1945.21 -0.79
1945.29 -0.76
1945.38 -0.46
1945.46 -0.59
1945.54 -0.61
1945.62 -0.84
1945.71 -0.82
1945.79 -0.86
1945.88 -0.42
1945.96 -0.54
1946.04 -0.44
1946.12 -0.24
1946.21 -0.36
1946.29 -0.48
1946.38 -0.39
1946.46 0.15
1946.54 0.03
1946.62 -0.52
1946.71 -0.19
1946.79 -0.01
1946.88 -0.18
1946.96 0.03
1947.04 0.39
1947.12 -0.13
1947.21 0.28
1947.29 -0.07
1947.38 -0.55
1947.46 0.07
1947.54 -0.39
1947.62 -0.37
1947.71 -1.05
1947.79 -0.82
1947.88 -0.73
1947.96 0.18
1948.04 0.05
1948.12 0.37
1948.21 0.63
1948.29 0.25
1948.38 0.31
1948.46 0.06
1948.54 -0.06
1948.62 -0.02
1948.71 -0.02
1948.79 -0.68
1948.88 -0.3
1948.96 0.38
1949.04 -0.46
1949.12 0.26
1949.21 -0.55
1949.29 0.19
1949.38 -0.07
1949.46 -0.72
1949.54 -0.39
1949.62 -0.32
1949.71 -0.65
1949.79 -0.72
1949.88 -1.33
1949.96 -1.2
1950.04 -1.05
1950.12 -1.5
1950.21 -1.07
1950.29 -0.91
1950.38 -1.3
1950.46 -0.86
1950.54 -1.08
1950.62 -0.63
1950.71 -1.1
1950.79 -0.83
1950.88 -1.38
1950.96 -1.04
1951.04 -1.13
1951.12 -0.74
1951.21 -0.77
1951.29 -0.17
1951.38 -0.1
1951.46 -0.09
1951.54 0.66
1951.62 0.9
1951.71 0.67
1951.79 0.79
1951.88 0.78
1951.96 0.71
1952.04 0.39
1952.12 0.24
1952.21 0.04
1952.29 0.41
1952.38 -0.38
1952.46 -0.66
1952.54 -0.59
1952.62 -0.42
1952.71 -0.35
1952.79 -0.04
1952.88 -0.32
1952.96 -0.55
1953.04 0.36
1953.12 0.24
1953.21 0.22
1953.29 0.77
1953.38 0.35
1953.46 0.41
1953.54 0.2
1953.62 0.04
1953.71 0.67
1953.79 0.11
1953.88 0.31
1953.96 0.15
1954.04 0.39
1954.12 0.21
1954.21 0.01
1954.29 -0.32
1954.38 -0.53
1954.46 -0.8
1954.54 -1.02
1954.62 -1.08
1954.71 -1.03
1954.79 -0.91
1954.88 -1.17
1954.96 -0.79
1955.04 -0.66
1955.12 -0.79
1955.21 -0.8
1955.29 -0.95
1955.38 -1.23
1955.46 -1.2
1955.54 -1.32
1955.62 -0.91
1955.71 -1.33
1955.79 -1.59
1955.88 -1.91
1955.96 -1.52
1956.04 -1.23
1956.12 -0.98
1956.21 -0.93
1956.29 -0.78
1956.38 -0.59
1956.46 -0.83
1956.54 -0.94
1956.62 -0.81
1956.71 -0.91
1956.79 -0.69
1956.88 -1.01
1956.96 -0.58
1957.04 -0.56
1957.12 -0.24
1957.21 0.08
1957.29 0.42
1957.38 0.45
1957.46 0.53
1957.54 0.69
1957.62 0.79
1957.71 0.53
1957.79 0.74
1957.88 1.09
1957.96 1.18
1958.04 1.54
1958.12 1.4
1958.21 0.99
1958.29 0.31
1958.38 0.32
1958.46 0.3
1958.54 0.04
1958.62 0.24
1958.71 -0.31
1958.79 -0.03
1958.88 0.05
1958.96 0.3
1959.04 0.43
1959.12 0.5
1959.21 0.26
1959.29 0.27
1959.38 -0.01
1959.46 -0.33
1959.54 -0.28
1959.62 -0.41
1959.71 -0.53
1959.79 0.11
1959.88 -0.17
1959.96 -0.05
1960.04 0.02
1960.12 -0.24
1960.21 -0.08
1960.29 0.01
1960.38 0.05
1960.46 -0.2
1960.54 -0.25
1960.62 0
1960.71 0.03
1960.79 -0.07
1960.88 -0.38
1960.96 0.02
1961.04 -0.15
1961.12 0.04
1961.21 -0.1
1961.29 0.13
1961.38 -0.01
1961.46 0.1
1961.54 -0.32
1961.62 -0.25
1961.71 -0.52
1961.79 -0.71
1961.88 -0.19
1961.96 -0.29
1962.04 -0.25
1962.12 -0.16
1962.21 -0.41
1962.29 -0.32
1962.38 -0.42
1962.46 -0.22
1962.54 -0.3
1962.62 -0.13
1962.71 -0.56
1962.79 -0.33
1962.88 -0.43
1962.96 -0.49
1963.04 -0.32
1963.12 -0.26
1963.21 -0.06
1963.29 -0.06
1963.38 0
1963.46 0.12
1963.54 0.72
1963.62 0.9
1963.71 0.65
1963.79 0.84
1963.88 0.75
1963.96 1.05
1964.04 0.76
1964.12 0.55
1964.21 -0.16
1964.29 -0.53
1964.38 -0.74
1964.46 -0.88
1964.54 -0.65
1964.62 -0.76
1964.71 -0.93
1964.79 -1
1964.88 -1.1
1964.96 -1.07
1965.04 -0.57
1965.12 -0.36
1965.21 -0.34
1965.29 -0.09
1965.38 0.19
1965.46 0.45
1965.54 0.81
1965.62 1.25
1965.71 1.26
1965.79 1.61
1965.88 1.54
1965.96 1.45
1966.04 1.13
1966.12 0.83
1966.21 0.83
1966.29 0.54
1966.38 -0.06
1966.46 0.14
1966.54 0.23
1966.62 -0.1
1966.71 -0.05
1966.79 -0.05
1966.88 -0.37
1966.96 -0.26
1967.04 -0.55
1967.12 -0.56
1967.21 -0.47
1967.29 -0.53
1967.38 -0.24
1967.46 -0.12
1967.54 -0.1
1967.62 -0.31
1967.71 -0.59
1967.79 -0.38
1967.88 -0.34
1967.96 -0.35
1968.04 -0.6
1968.12 -0.74
1968.21 -0.76
1968.29 -0.47
1968.38 -0.44
1968.46 0.19
1968.54 0.31
1968.62 0.33
1968.71 0.05
1968.79 0.32
1968.88 0.76
1968.96 0.76
1969.04 0.9
1969.12 1.02
1969.21 0.61
1969.29 0.33
1969.38 0.39
1969.46 0.26
1969.54 0.1
1969.62 0.52
1969.71 0.47
1969.79 0.66
1969.88 0.75
1969.96 0.68
1970.04 0.55
1970.12 0.36
1970.21 0.26
1970.29 0.18
1970.38 0.01
1970.46 -0.3
1970.54 -0.98
1970.62 -0.95
1970.71 -0.78
1970.79 -0.65
1970.88 -0.85
1970.96 -1.11
1971.04 -1.47
1971.12 -1.28
1971.21 -1.29
1971.29 -0.97
1971.38 -0.82
1971.46 -0.78
1971.54 -0.64
1971.62 -0.65
1971.71 -0.75
1971.79 -0.78
1971.88 -0.85
1971.96 -0.89
1972.04 -0.58
1972.12 -0.22
1972.21 -0.25
1972.29 0.21
1972.38 0.33
1972.46 0.66
1972.54 0.83
1972.62 1.3
1972.71 1.19
1972.79 1.77
1972.88 1.87
1972.96 2.19
1973.04 1.6
1973.12 1.08
1973.21 0.58
1973.29 -0.07
1973.38 -0.56
1973.46 -0.86
1973.54 -1.14
1973.62 -1.21
1973.71 -1.4
1973.79 -1.58
1973.88 -2.07
1973.96 -2.18
1974.04 -2.02
1974.12 -1.5
1974.21 -1.44
1974.29 -1
1974.38 -0.79
1974.46 -0.7
1974.54 -0.65
1974.62 -0.32
1974.71 -0.35
1974.79 -0.75
1974.88 -0.96
1974.96 -0.86
1975.04 -0.37
1975.12 -0.33
1975.21 -0.59
1975.29 -0.59
1975.38 -1
1975.46 -1.25
1975.54 -1.24
1975.62 -1.16
1975.71 -1.44
1975.79 -1.47
1975.88 -1.46
1975.96 -1.64
1976.04 -1.8
1976.12 -1.05
1976.21 -0.68
1976.29 -0.42
1976.38 -0.49
1976.46 0
1976.54 0.15
1976.62 0.31
1976.71 0.57
1976.79 0.86
1976.88 0.88
1976.96 0.64
1977.04 0.84
1977.12 0.55
1977.21 0.4
1977.29 -0.25
1977.38 -0.03
1977.46 0.36
1977.54 0.45
1977.62 0.25
1977.71 0.44
1977.79 0.89
1977.88 1.03
1977.96 1.09
1978.04 0.72
1978.12 0.51
1978.21 0.06
1978.29 -0.37
1978.38 -0.49
1978.46 -0.45
1978.54 -0.48
1978.62 -0.62
1978.71 -0.6
1978.79 -0.34
1978.88 -0.15
1978.96 0.07
1979.04 0.05
1979.12 0.09
1979.21 0.13
1979.29 0.17
1979.38 -0.09
1979.46 0.04
1979.54 -0.2
1979.62 0.21
1979.71 0.48
1979.79 0.32
1979.88 0.35
1979.96 0.69
1980.04 0.55
1980.12 0.33
1980.21 0.09
1980.29 0.2
1980.38 0.13
1980.46 0.37
1980.54 0.02
1980.62 -0.23
1980.71 -0.12
1980.79 -0.11
1980.88 0.1
1980.96 0.36
1981.04 -0.45
1981.12 -0.45
1981.21 -0.02
1981.29 -0.17
1981.38 -0.11
1981.46 -0.15
1981.54 -0.43
1981.62 -0.18
1981.71 -0.07
1981.79 -0.03
1981.88 -0.27
1981.96 0.07
1982.04 -0.04
1982.12 -0.13
1982.21 -0.02
1982.29 0.24
1982.38 0.65
1982.46 0.92
1982.54 0.64
1982.62 0.93
1982.71 1.39
1982.79 2
1982.88 2.07
1982.96 2.33
1983.04 2.43
1983.12 2.22
1983.21 1.69
1983.29 1.12
1983.38 1.12
1983.46 0.62
1983.54 -0.11
1983.62 -0.13
1983.71 -0.5
1983.79 -1.03
1983.88 -1.13
1983.96 -0.95
1984.04 -0.8
1984.12 -0.53
1984.21 -0.48
1984.29 -0.6
1984.38 -0.64
1984.46 -0.9
1984.54 -0.4
1984.62 -0.4
1984.71 -0.35
1984.79 -0.83
1984.88 -1.18
1984.96 -1.53
1985.04 -0.89
1985.12 -0.91
1985.21 -0.96
1985.29 -0.98
1985.38 -0.9
1985.46 -0.76
1985.54 -0.61
1985.62 -0.49
1985.71 -0.57
1985.79 -0.64
1985.88 -0.43
1985.96 -0.4
1986.04 -0.79
1986.12 -0.64
1986.21 -0.51
1986.29 -0.41
1986.38 -0.47
1986.46 -0.08
1986.54 0.16
1986.62 0.24
1986.71 0.59
1986.79 0.9
1986.88 1.04
1986.96 0.98
1987.04 1.19
1987.12 1.17
1987.21 1.24
1987.29 0.89
1987.38 0.91
1987.46 1.24
1987.54 1.34
1987.62 1.48
1987.71 1.53
1987.79 1.36
1987.88 1.29
1987.96 1.05
1988.04 0.69
1988.12 0.35
1988.21 0.29
1988.29 -0.49
1988.38 -1.05
1988.46 -1.46
1988.54 -1.54
1988.62 -1.44
1988.71 -1.33
1988.79 -2.09
1988.88 -2.18
1988.96 -1.98
1989.04 -1.95
1989.12 -1.37
1989.21 -1.33
1989.29 -1.11
1989.38 -0.8
1989.46 -0.64
1989.54 -0.47
1989.62 -0.58
1989.71 -0.38
1989.79 -0.4
1989.88 -0.3
1989.96 -0.13
1990.04 0.02
1990.12 0.36
1990.21 0.2
1990.29 0.26
1990.38 0.32
1990.46 0
1990.54 0.15
1990.62 0.17
1990.71 0.12
1990.79 0.13
1990.88 0.08
1990.96 0.32
1991.04 0.51
1991.12 0.32
1991.21 0.1
1991.29 0.21
1991.38 0.44
1991.46 0.65
1991.54 0.62
1991.62 0.43
1991.71 0.22
1991.79 0.91
1991.88 1.14
1991.96 1.62
1992.04 1.61
1992.12 1.62
1992.21 1.5
1992.29 1.41
1992.38 1.27
1992.46 0.53
1992.54 0.27
1992.62 -0.15
1992.71 -0.14
1992.79 -0.35
1992.88 -0.14
1992.96 0.04
1993.04 0.28
1993.12 0.42
1993.21 0.47
1993.29 0.92
1993.38 0.93
1993.46 0.64
1993.54 0.33
1993.62 0.16
1993.71 0.26
1993.79 0.36
1993.88 0.28
1993.96 0.19
1994.04 0.03
1994.12 -0.16
1994.21 -0.06
1994.29 0.03
1994.38 0.14
1994.46 0.27
1994.54 0.16
1994.62 0.52
1994.71 0.4
1994.79 0.9
1994.88 1.14
1994.96 1.21
1995.04 1.1
1995.12 0.87
1995.21 0.49
1995.29 0.27
1995.38 0.03
1995.46 0.08
1995.54 0.03
1995.62 -0.38
1995.71 -0.57
1995.79 -0.72
1995.88 -0.78
1995.96 -0.72
1996.04 -0.65
1996.12 -0.66
1996.21 -0.48
1996.29 -0.34
1996.38 -0.4
1996.46 -0.12
1996.54 -0.14
1996.62 -0.3
1996.71 -0.34
1996.79 -0.28
1996.88 -0.3
1996.96 -0.43
1997.04 -0.43
1997.12 -0.24
1997.21 -0.06
1997.29 0.34
1997.38 0.87
1997.46 1.15
1997.54 1.6
1997.62 1.94
1997.71 2.1
1997.79 2.29
1997.88 2.42
1997.96 2.3
1998.04 2.42
1998.12 2.08
1998.21 1.49
1998.29 0.9
1998.38 0.68
1998.46 -0.39
1998.54 -0.73
1998.62 -0.83
1998.71 -0.82
1998.79 -1.19
1998.88 -1.23
1998.96 -1.51
1999.04 -1.53
1999.12 -1.41
1999.21 -0.92
1999.29 -0.81
1999.38 -0.87
1999.46 -0.95
1999.54 -0.84
1999.62 -0.98
1999.71 -0.84
1999.79 -1.03
1999.88 -1.41
1999.96 -1.54
2000.04 -1.79
2000.12 -1.53
2000.21 -1.26
2000.29 -0.8
2000.38 -0.8
2000.46 -0.75
2000.54 -0.57
2000.62 -0.36
2000.71 -0.39
2000.79 -0.55
2000.88 -0.75
2000.96 -0.92
2001.04 -0.88
2001.12 -0.63
2001.21 -0.48
2001.29 -0.3
2001.38 -0.3
2001.46 -0.11
2001.54 0.01
2001.62 -0.07
2001.71 -0.28
2001.79 -0.26
2001.88 -0.28
2001.96 -0.46
2002.04 -0.14
2002.12 0
2002.21 0.11
2002.29 0.14
2002.38 0.21
2002.46 0.68
2002.54 0.57
2002.62 0.7
2002.71 0.82
2002.79 1.16
2002.88 1.41
2002.96 1.41
2003.04 0.98
2003.12 0.64
2003.21 0.48
2003.29 -0.03
2003.38 -0.52
2003.46 -0.19
2003.54 0.14
2003.62 0.05
2003.71 0.15
2003.79 0.46
2003.88 0.39
2003.96 0.32
2004.04 0.26
2004.12 0.17
2004.21 -0.1
2004.29 0.06
2004.38 0.1
2004.46 0.14
2004.54 0.41
2004.62 0.66
2004.71 0.67
2004.79 0.73
2004.88 0.62
2004.96 0.71
2005.04 0.56
2005.12 0.26
2005.21 0.28
2005.29 0.28
2005.38 0.3
2005.46 0.22
2005.54 -0.01
2005.62 -0.04
2005.71 -0.08
2005.79 -0.15
2005.88 -0.44
2005.96 -0.75
2006.04 -0.98
2006.12 -0.71
2006.21 -0.73
2006.29 -0.3
2006.38 -0.11
2006.46 0.09
2006.54 0.03
2006.62 0.37
2006.71 0.63
2006.79 0.76
2006.88 0.98
2006.96 1.1
2007.04 0.59
2007.12 0.12
2007.21 -0.15
2007.29 -0.16
2007.38 -0.39
2007.46 -0.16
2007.54 -0.37
2007.62 -0.57
2007.71 -1.04
2007.79 -1.4
2007.88 -1.58
2007.96 -1.61
2008.04 -1.79
2008.12 -1.7
2008.21 -1.17
2008.29 -0.89
2008.38 -0.64
2008.46 -0.44
2008.54 -0.04
2008.62 -0.04
2008.71 -0.28
2008.79 -0.3
2008.88 -0.37
2008.96 -0.9
2009.04 -1
2009.12 -0.71
2009.21 -0.72
2009.29 -0.25
2009.38 0.17
2009.46 0.49
2009.54 0.69
2009.62 0.62
2009.71 0.68
2009.79 0.96
2009.88 1.49
2009.96 1.81
2010.04 1.43
2010.12 1.18
2010.21 1.07
2010.29 0.56
2010.38 -0.15
2010.46 -0.62
2010.54 -0.89
2010.62 -1.33
2010.71 -1.56
2010.79 -1.65
2010.88 -1.57
2010.96 -1.63
2011.04 -1.7
2011.12 -1.26
2011.21 -0.98
2011.29 -0.74
2011.38 -0.53
2011.46 -0.25
2011.54 -0.23
2011.62 -0.66
2011.71 -0.76
2011.79 -0.93
2011.88 -1.09
2011.96 -1.05
2012.04 -0.93
2012.12 -0.61
2012.21 -0.48
2012.29 -0.29
2012.38 -0.18
2012.46 0.14
2012.54 0.44
2012.62 0.66
2012.71 0.44
2012.79 0.23
2012.88 0.33
2012.96 -0.13
2013.04 -0.42
2013.12 -0.4
2013.21 -0.14
2013.29 -0.08
2013.38 -0.28
2013.46 -0.33
2013.54 -0.28
2013.62 -0.29
2013.71 -0.09
2013.79 -0.24
2013.88 -0.02
2013.96 -0.09
2014.04 -0.42
2014.12 -0.45
2014.21 -0.07
2014.29 0.28
2014.38 0.45
2014.46 0.48
2014.54 0.13
2014.62 0.14
2014.71 0.37
2014.79 0.48
2014.88 0.89
2014.96 0.77
2015.04 0.59
2015.12 0.57
2015.21 0.48
2015.29 0.9
2015.38 1.04
2015.46 1.28
2015.54 1.56
2015.62 1.87
2015.71 2.01
2015.79 2.21
2015.88 2.57
2015.96 2.56
2016.04 2.56
2016.12 2.11
2016.21 1.6
2016.29 1.05
2016.38 0.45
2016.46 0.06
2016.54 -0.25
2016.62 -0.48
2016.71 -0.46
2016.79 -0.75
2016.88 -0.63
2016.96 -0.51
2017.04 -0.34
2017.12 -0.01
2017.21 -0.09
2017.29 0.22
2017.38 0.3
2017.46 0.22
2017.54 0.22
2017.62 -0.18
2017.71 -0.56
2017.79 -0.52
2017.88 -0.84
2017.96 -0.85
2018.04 -0.86
2018.12 -0.73
2018.21 -0.73
2018.29 -0.36
2018.38 -0.12
2018.46 0.12
2018.54 0.27
2018.62 0.05
2018.71 0.3
2018.79 0.84
2018.88 1
2018.96 0.97
2019.04 0.51
2019.12 0.62
2019.21 0.81
2019.29 0.67
2019.38 0.61
2019.46 0.66
2019.54 0.41
2019.62 0.19
2019.71 0.11
2019.79 0.55
2019.88 0.74
2019.96 0.51
2020.04 0.64
2020.12 0.48
2020.21 0.36
2020.29 0.49
2020.38 -0.12
2020.46 -0.21
2020.54 -0.04
2020.62 -0.42
2020.71 -0.66
2020.79 -1.19
2020.88 -1.01
2020.96 -0.98
